second moment at 10 GeV^2

NNPDF3.0 NNLO:
xu:  0.259354  0.00381516
xd:  0.108311  0.00452759

MMHT2014 NNLO:
xu:  0.260886  0.00404576
xd:  0.109922  0.00279584

CT14 NNLO:
xu:  0.26413  0.00678998
xd:  0.107934  0.00458031

a	  = 0.531201	 +/-  0.0375651
